TIQF = Top Interview Questions Free

July 2020
12.07 - 190, 111, 103, 114
13.07 - 100, 28, 67, 1304
14.07 - 438, 14, 1344
15.07 - 5, 409, 561, 151, 557, 344, 541, 165, 92
16.07 - 50, 150, 20, 94
17.07 - 347, 678, 150, 739
18.07 - 630, 207, 210, 977, 48, 1295, 485, 1004
19.07 - 1299, 27, 941, 1346, 26, 88, 1089, 121, 122
20.07 - 264, 378, 23, 419, 203, 1046
21.07 - heap impl, 79, 146
22.07 - 622, 279, 695, 200
23.07 - 173, 260
24.07 - 617, 653, 257, 404, 199, 1315, 129, 222, 797, 113
25.07 - 641, 154, 153, 70, 53, 198, 792, 392, 393, 746
26.07 - 62, 63, 64, 322, 518, 91, 258, 227, 22
27.07 - 696, 387, 412, 482, 58, 388, 106, 389, 461, 136, 169, 476
28.07 - 621
29.07 - BubbleSort, MergeSort, HeapSort, QuickSort, QuickSelection, 309, 39
30.07 - 40, 216, 139, 140
31.07
August 2020
01.08 - UndirectedGraph: DFS, BFS, DirectedGraph: DFS, BFS, 520, 174
02.08 - 705, 706
03.08 - 125, 225, 1352, 219, 232, 290, 217, 242, 451
04.08 - 297, 69, 278, 374, 74, 240, 342
05.08 - ShortestPathViaBFS (Graph), StronglyConnectedComponents
06.08 - 442, 4, 76, 239, 415, 504
07.08 - 319, 357, 987
08.08 - 437, 168, 172, 208, 211
09.08 - 994, 212, 86, 147, 237
10.08
11.08 - 171, 274
12.08 - 109
13.08 - 56, 986, 77, 1286
14.08 - 409
15.08 - 382, 398, 17, 224, 227, 772, 435
16.08 - 121, 122, 123
17.08 - 575, 1103
18.08 - 967
19.08 - 824
20.08 - 143
21.08 - 905
22.08 - 497, TIQF: 26, 122
23.08 - 1032
24.08 - 404 (repeated)
25.08 - 983
26.08 - 412 (repeated), 349, 350, 436
27.08 - 436
28.08 - 470
29.08 - 47
30.08 - 1021, 952
31.08 - 938, 450
September 2020
01.09 - 949
02.09 - 220
03.09 - 459
04.09 - 1566
05.09 - 763, 894, 1305, 590
06.09
07.09
08.09
09.09
10.09
11.09
12.09
13.09
14.09
15.09 - 198 (repeated), 290 (repeated), 58 (repeated), 217 (repeated), 136 (repeated)
16.09 - 189
17.09
18.09
19.09 - 1022